300 68 6 5 8 5
0.4
0.3
0.2
0.1
0.08
0.05
-0.836233 -0.188818
-0.830389 0.039563
-0.802076 0.267018
-0.751174 0.486348
-0.659234 0.688498
-0.518479 0.863801
-0.348294 1.00852
-0.163429 1.12246
0.0413435 1.15129
0.243445 1.11097
0.42371 0.993183
0.591619 0.848541
0.728239 0.673224
0.817879 0.467106
0.864845 0.24515
0.887929 0.0194626
0.893938 -0.209334
-0.697732 -0.355029
-0.590171 -0.461267
-0.432739 -0.492771
-0.269184 -0.470439
-0.123104 -0.406449
0.136887 -0.419089
0.292647 -0.484939
0.457161 -0.508001
0.616951 -0.473385
0.724696 -0.368564
0.0139754 -0.237434
0.014391 -0.0913023
0.0153086 0.0531172
0.0172693 0.20254
-0.16758 0.307438
-0.0766741 0.33848
0.0169985 0.362748
0.111284 0.336026
0.195764 0.306937
-0.518824 -0.213105
-0.421981 -0.26847
-0.308202 -0.265722
-0.208688 -0.191132
-0.310492 -0.174211
-0.42628 -0.173009
0.231255 -0.197483
0.337341 -0.277944
0.45025 -0.277823
0.545247 -0.225346
0.459402 -0.18614
0.345844 -0.181864
-0.316446 0.576721
-0.190169 0.5253
-0.0648209 0.498228
0.0163872 0.520191
0.109235 0.497086
0.237785 0.524234
0.363137 0.566336
0.24206 0.689687
0.120604 0.745536
0.021364 0.757393
-0.0683944 0.748967
-0.191702 0.697293
-0.265571 0.581672
-0.0652669 0.570224
0.0174338 0.578936
0.111275 0.567628
0.311918 0.573845
0.113615 0.635127
0.0182818 0.648051
-0.0664466 0.638682
